0 0
20 0.010445594787597656
30 0.00033593177795410156
45 0.00039386749267578125
67 0.0004951953887939453
100 0.0006535053253173828
150 0.0014483928680419922
225 0.003520488739013672
337 0.0018601417541503906
505 0.002601146697998047
757 0.0038979053497314453
1135 0.006308078765869141
1702 0.024942636489868164
2553 0.02471137046813965
3829 0.051233768463134766
5743 0.08592343330383301
8614 0.1279008388519287
12921 0.22452044486999512
19381 0.45224857330322266
29071 0.9325077533721924
43606 2.0760769844055176
65409 4.603522300720215
98113 9.85416293144226
147169 21.67647910118103
220753 51.1760892868042
331129 138.81055760383606
496693 411.7235813140869
