0 0
20 0.014930009841918945
30 0.0004448890686035156
45 0.0004885196685791016
67 0.0005178451538085938
100 0.0006666183471679688
150 0.002716064453125
225 0.004541873931884766
337 0.0037567615509033203
505 0.0029990673065185547
757 0.006150007247924805
1135 0.0265045166015625
1702 0.01903843879699707
2553 0.044464111328125
3829 0.05991673469543457
5743 0.1032712459564209
8614 0.1916816234588623
12921 0.3902406692504883
19381 0.7863738536834717
29071 1.7911508083343506
43606 3.886087417602539
65409 8.986335039138794
98113 19.767783880233765
147169 44.90315580368042
220753 99.56703662872314
331129 221.52819919586182
496693 580.1517863273621
