0 0
20 0.0181882381439209
30 0.0003371238708496094
45 0.0003986358642578125
67 0.0004944801330566406
100 0.0027992725372314453
150 0.001928091049194336
225 0.0013456344604492188
337 0.0017652511596679688
505 0.002576589584350586
757 0.0041544437408447266
1135 0.005784034729003906
1702 0.015498161315917969
2553 0.01791691780090332
3829 0.02281045913696289
5743 0.0462183952331543
8614 0.08734369277954102
12921 0.15723204612731934
19381 0.3041503429412842
29071 0.622809648513794
43606 1.2942945957183838
65409 2.7820982933044434
98113 6.029758453369141
147169 13.204272747039795
220753 30.254721879959106
331129 83.76130938529968
496693 218.5248236656189
