0 0
20 0.12274050712585449
30 0.000997304916381836
45 0.0009975433349609375
67 0.000997304916381836
100 0.0020227432250976562
150 0.0019936561584472656
225 0.0029878616333007812
337 0.003989458084106445
505 0.006953001022338867
757 0.009972572326660156
1135 0.01495981216430664
1702 0.023969411849975586
2553 0.05385541915893555
3829 0.06482672691345215
5743 0.11369538307189941
8614 0.21140241622924805
12921 0.4138963222503662
19381 0.8477299213409424
29071 1.834062099456787
43606 3.8337719440460205
65409 8.359604358673096
98113 18.50153660774231
147169 40.188490867614746
220753 89.63418197631836
331129 207.62299418449402
496693 547.7932767868042
