0 0
20 0.12563490867614746
30 0.000997304916381836
45 0.000997304916381836
67 0.001965045928955078
100 0.001994609832763672
150 0.002964496612548828
225 0.003988742828369141
337 0.004986763000488281
505 0.009974241256713867
757 0.014959096908569336
1135 0.021940946578979492
1702 0.0329127311706543
2553 0.06781816482543945
3829 0.07280492782592773
5743 0.12167477607727051
8614 0.18749785423278809
12921 0.3450758457183838
19381 0.6023571491241455
29071 1.1688728332519531
43606 2.358661413192749
65409 4.9467692375183105
98113 10.955055236816406
147169 23.046347618103027
220753 51.306748151779175
331129 112.07020282745361
496693 284.3293833732605
