0 0
20 0.12318730354309082
30 0.0009975433349609375
45 0.0009975433349609375
67 0.000997781753540039
100 0.001995563507080078
150 0.003989458084106445
225 0.00498652458190918
337 0.006981849670410156
505 0.010970354080200195
757 0.014959573745727539
1135 0.021941184997558594
1702 0.03191399574279785
2553 0.06382918357849121
3829 0.07878899574279785
5743 0.12765717506408691
8614 0.20046329498291016
12921 0.38494205474853516
19381 0.5863981246948242
29071 1.074094533920288
43606 2.1971216201782227
65409 4.124965667724609
98113 8.624927520751953
147169 18.150445461273193
220753 41.69741916656494
331129 92.46264934539795
496693 232.2277340888977
