2 5.328704595565796
3 5.461438894271851
4 5.340625762939453
6 5.579954624176025
9 5.6285459995269775
13 5.4659950733184814
19 5.687811374664307
28 5.704779148101807
42 5.934797763824463
63 6.922435998916626
94 8.129112958908081
141 10.641534328460693
211 21.3670973777771
32 89.35305953025818
32 701.7081961631775
32 25.08799695968628
600 4.34338116645813
600 1.3871629238128662
600 1.348992109298706
600 1.3533267974853516
600 1.3708717823028564
600 1.4954979419708252
600 1.3507652282714844
100 2.291588068008423
