0 2 147.67486466249792 12.414653564494866 30.14138791462821
1 1 60.07930510975608 3.171144338956715 7.240268876697947
2 1 111.25511326654821 6.818971507118035 22.66513814587379
3 4 150.54994411152506 101.94671304760372 56.70335244243459
4 1 67.92582551584736 4.991038054170504 13.74041320620755
5 2 136.325017531045 13.2103145417837 84.22224373431143
6 3 160.24773439494243 24.59780838744888 77.97380621682028
7 1 89.85074094668259 6.691717290527173 21.217811785130372
8 2 155.21540770138526 12.544882719901736 57.150081315629976
9 1 96.74091179042654 9.158456524356438 8.213346533388862
10 2 172.31494881201144 12.485047523786534 51.88020549572336
11 3 188.54548845722138 22.26087960262383 71.45289272340008
12 3 160.6495745948301 21.365096808695203 76.29214717609418
13 4 165.952906252278 60.09847042802558 57.43153004546865
14 3 150.3583669790588 19.445782706031284 82.2391947166925
15 4 150.20825761310843 71.46159185172752 64.98798277976636
16 4 172.13356938189654 105.55851808043587 64.56666219923594
17 2 175.66228783644627 17.952859874895204 82.08434066199031
18 1 102.64743706132474 0.7551478554501762 19.126960849913168
19 3 187.89199544608843 39.36137888582563 82.83104977940835
20 1 70.40203451460012 2.5530642154153966 18.187482758303496
21 4 154.47498057373122 96.54063347210095 49.212062024217126
22 3 151.11695443414433 29.62691955695074 56.07251097547024
23 2 152.25324111529773 14.728018763515678 76.24415887035619
24 2 156.75515338683164 12.575933021952524 79.79500555118082
25 4 161.66977254134503 59.46004737975961 60.649232352337535
26 2 138.6374776442009 15.872089549198801 69.41611846392459
27 2 150.9367417073986 16.192448351452438 31.99658745126913
28 3 173.47975811509968 37.64501144778469 87.0649738701936
29 1 124.70341684064496 2.8152061649964257 12.503588701690626
30 4 169.82668272173214 95.76042529499554 58.30253711832559
31 1 103.72157433663693 6.695766587758453 7.781850454035536
32 3 156.08346507542146 23.598096408851365 86.19076514688194
33 2 145.66775461270782 13.331365882002121 65.93006106760961
34 1 109.45188058086866 1.3180915813605427 23.616081650137193
35 3 175.38082341397487 44.770584681394205 81.38058386008449
36 1 104.7604397400392 7.936290852113321 10.809940721697359
37 2 149.17649368903363 12.519788424927544 75.92999469679347
38 4 166.7039219198024 95.2922312090767 62.742109406689046
39 2 147.49226693266132 11.508409918857318 83.13570420581524
40 1 97.62959026416607 7.308710827844018 11.694703526743073
41 2 160.0848208238521 15.551292571869539 35.14934773126346
42 1 81.82203547291908 6.883784981473196 13.405806409734634
43 4 149.23857831822536 93.57588950832198 48.48879314904155
44 4 166.01764291652879 82.97863294143801 63.960132390364436
45 1 122.34390828811672 4.114853549506606 6.567641669996489
46 4 166.70569517330387 101.10113457716204 67.4535519631584
47 4 155.62967792817415 90.37039529370261 59.91265448849386
48 2 149.0116718516029 17.358672636141833 49.75337279653378
49 4 174.59044232861183 94.37172746320493 47.27001460199868
50 3 151.36912972177592 25.98956315983534 80.72791003511912
51 3 162.32210189491417 39.15868870810386 63.533886831585235
52 4 167.5774025612298 83.16693825174843 46.33367799674481
53 1 48.29609747501448 5.5000095225876 23.97404052676854
54 2 152.48153379311225 16.47908461676355 75.82399807997014
55 2 129.22445992903212 17.294617428795917 48.707447173494586
56 3 182.59584733866276 33.7303553956587 77.21229906763706
57 4 167.86483403738424 58.40132318199225 62.36614047901455
58 1 76.66909923858007 8.199653777957632 17.505537053209878
59 2 166.54649672657422 12.188046340426162 42.339529783001666
60 4 168.03723137028157 67.91724653202408 59.844979077751525
61 1 126.7430860127485 2.025604072862922 21.357911732689814
62 4 159.77403395899861 55.144872943921 57.3610466866207
63 3 178.45557422823734 21.252640486441106 89.85505545957804
64 4 148.13115398779652 102.21791486906871 63.80036917711423
65 2 157.47972957507497 16.28958461684568 43.796691617245756
66 3 153.92278242899067 23.962664160197058 57.42341259608831
67 1 67.79951236953912 6.39371682249024 12.301540043213985
68 3 177.92194463276698 33.24799902696355 89.9391956261551
69 3 166.98664802494082 48.31943502278737 72.55221931674669
70 1 101.86888091200645 10.925744199696174 15.83504405569951
71 3 161.48570490789587 37.944600468492105 80.24115101916469
72 1 83.4790875757838 1.4848495144999103 16.098852786941464
73 3 163.73136718407483 28.953689675497536 78.10060437507661
74 3 154.3915232915278 21.315358438495114 64.2716235373585
75 1 97.85986520805125 1.1306726035985348 13.827584153169186
76 1 115.4903025293434 3.4291222713540233 12.5848307575769
77 2 178.1553211829795 12.415811610459636 68.40197539083869
78 4 172.73037014981583 65.20383153242332 58.55028349937403
79 4 174.9244173946013 104.32049712749227 69.8638004468239
80 4 164.7485005643548 54.264545237234344 69.14481068801805
81 3 150.7310474107284 21.419350584662617 58.12123609834145
82 2 156.65133248517316 17.519441372575606 85.25365688487909
83 2 128.66592300679955 12.629335670023194 52.516324691943275
84 3 185.05491295687006 38.78461046702229 70.54197871909646
85 1 68.28144285890966 5.808453021412501 20.452975516706857
86 3 163.9416619917394 35.23605193356441 85.32306974284782
87 2 155.48919040842554 16.16348932174693 71.91732181372535
88 3 150.4894931716334 24.370537540492922 86.93133757993945
89 2 155.4916482958034 12.343108368205257 34.356806234853465
90 3 182.107557427341 46.56533070209335 72.27365789081591
91 2 165.80388643396117 15.019372199903543 27.9944143802065
92 1 88.34195642681283 4.219442655776948 14.260115364877617
93 4 172.7338113899373 66.05939341399629 67.58109456811172
94 2 164.9353847993338 11.823575996911039 59.459519633879
95 4 151.43838483525664 64.2150879990652 49.239858751752436
96 1 75.60731010209687 2.6356926451761513 20.18650079871808
97 1 49.708741304308916 8.98271089545007 18.158485412813043
98 1 71.77424643122825 5.378705565124772 19.902111262639757
99 3 167.0543623642015 47.44581511313578 58.971027319220255
100 1 60.01762326831708 4.087038062124636 9.164824894296483
101 2 168.4813200858547 16.74322880031898 38.20180265177881
102 3 167.3235258338664 42.90694254061721 77.20526407384642
103 2 165.01510583943426 12.167748378843498 41.11280103422632
104 2 157.88240621753346 16.408095545791312 36.436806521010524
105 3 183.14180332218677 27.89646429227183 76.30030746839691
106 3 177.17156156604162 43.181287175396875 56.50121725356442
107 2 152.19243785415676 11.780565143502235 66.12080614328167
108 3 169.19983613156546 43.75859596566043 73.52315519187883
109 2 152.6760589215785 15.277530605612426 28.072462976866834
110 1 89.99923656751801 1.5422192059217623 10.048759272288937
111 4 146.5526263575156 104.27114695840007 66.55942634773845
112 4 165.90569916264008 106.31681219017763 57.976529906075484
113 3 169.66148038198713 32.81283199756811 61.81599170358313
114 1 97.20237222269392 2.477121120745127 6.226462184977222
115 3 159.73260447828545 31.616079108460912 87.09799856053897
116 2 153.78767461972993 17.930085518637767 54.05051635771921
117 1 76.8265659380147 10.55916622274564 17.088256194385146
118 3 188.73881826864738 23.486521087200693 65.56129651538524
119 2 147.88732670277358 16.73345293543593 70.33853558667187
120 3 150.1585961982535 31.62476215828093 77.97095755492994
121 4 157.79997305322706 96.51768452256609 45.06926405802624
122 2 139.27813348322442 17.101612813909338 26.591525560094745
123 2 139.23340015081493 15.969292192148622 63.26384594999477
124 1 89.22983242211046 6.677939040976418 15.089573492211569
125 1 99.18368679269344 0.5751866981537335 10.89720888570944
126 4 150.2527044191252 94.29237024723302 69.03844720763604
127 4 150.54302167718487 60.234013176123526 69.55098463457537
128 3 175.21996023617777 45.47442476549449 82.92250138413883
129 2 128.48948039622172 16.01106551022069 48.61702565291975
130 4 152.62781295683757 114.00471901582463 49.16953997409813
131 2 166.22240196408728 17.055125051131945 35.22399464451043
132 3 175.00810895382665 41.54273464246447 69.88561120813922
133 4 164.33222070134156 93.55728745649726 55.0570149569499
134 4 151.32029603653893 111.69540243299801 67.71669700471995
135 1 59.083801534235874 7.483671106289794 18.06657743538923
136 2 141.05919392388142 16.0932719595209 44.23608393921086
137 3 188.0578894360351 39.48096623761484 82.48222421892828
138 4 159.10493710059902 97.18958972504663 52.31545992143511
139 2 147.76372777707837 17.62688603489903 52.80107983890933
140 1 107.52703920661736 5.995621546552263 6.293809575262012
141 2 129.50129537495008 11.700992431287938 80.09704401511797
142 1 126.34871233165836 8.39104728547033 14.796792004055423
143 3 175.01790387345284 21.87074832751039 71.3893610628286
144 1 66.03125144146179 10.061815176732956 15.838563277647165
145 3 151.79811167850482 46.6294554541238 78.04278647120555
146 3 159.64503425424908 28.631728586345663 70.52428971275246
147 4 156.16935669224864 116.95654251590182 50.37965381519384
148 2 134.45320159682484 11.845216752245804 50.59203743440447
149 4 158.6508019978479 102.19162106897963 47.43246334782587
150 4 162.7196672686893 102.1636423291833 46.17792937821487
151 4 159.07547356415853 62.66768341906018 66.99448039958659
152 1 71.69195305144815 0.33728365118099124 11.186086939175386
153 1 127.01156915150727 6.654705523190222 8.026495709298384
154 2 169.93481799638602 11.561488422339117 55.00414365132037
155 3 170.38624361097445 20.868034197199087 69.61737717229113
156 1 114.72049009949387 6.080672928673958 18.067070403970842
157 1 66.4430637750784 9.061273797145693 16.672060370534506
158 4 162.2333094464631 110.53744106471817 55.12238681462062
159 2 151.8892451585507 11.553745196989754 74.17163459736506
160 3 150.68368904740038 32.625350280763676 84.06365090129394
161 2 150.20909593577176 13.255618567568161 29.470755198702513
162 3 168.06995548680476 23.793357735042868 68.21066611787079
163 3 170.598020756051 49.76478657266675 75.33344394478664
164 3 186.79772044940745 40.364401868236165 61.48871380387726
165 3 187.73041275102173 19.602879950746516 74.6229107383123
166 2 166.68367610752452 11.859196161688104 26.41757089678485
167 2 143.93554261048902 11.736791574320483 36.24969389983597
168 2 127.21403090501148 12.395263767722067 82.93887755092385
169 3 157.25689672528247 41.16439385845959 55.252757599540224
170 3 159.13621718919904 29.351975512338107 58.71833358264653
171 1 90.35472857805338 7.571335565257073 18.297714279725074
172 3 161.90483493710835 48.61201445901368 83.20640579608315
173 1 71.29741728296892 10.426786725008082 16.99055501302973
174 2 165.17496389144912 11.539068798724392 39.25638904778873
175 4 147.84875477140233 108.15281900290165 48.9691897654706
176 3 150.27778925040303 46.72539483439268 83.06840043026662
177 1 64.86740083165665 5.351617230365028 12.352555188843501
178 4 164.88049027483208 65.61099631229735 45.587152385821376
179 3 158.71525641713973 46.83232230050781 86.20899995974382
180 2 175.70540715162863 16.015378598615882 47.53330952257978
181 2 149.9209011556312 11.114232989640328 32.947334747845694
182 2 132.58946861068034 15.26660200897281 71.46637144838928
183 3 167.0200233842336 25.43186491657326 89.13461095648223
184 2 153.63600554833394 17.054056502751404 49.81333026154597
185 3 173.37889883925078 42.202601803136815 79.91283535430645
186 3 174.37380076317075 37.17802880913725 66.39167614436703
187 4 150.36807937541442 52.97996431711814 56.98597059100755
188 2 145.91448749111166 14.261033830803166 66.89118075874168
189 4 161.0831444220363 106.8151441870672 58.49713274501189
190 1 44.22180293294447 6.162388038733444 14.86931921372496
191 3 165.451790397409 39.648762919339305 86.93012982008574
192 1 65.31042387453958 2.4670025585023536 20.300323471573883
193 4 159.75939460992032 62.25613993941822 48.3247502867366
194 1 93.13367120280125 0.13841863230691565 22.291292059823473
195 3 175.0107288269604 20.21941746057238 63.06049804705092
196 2 144.21486191533972 14.274023392295984 63.04939170264548
197 2 173.4371593215605 17.20595014846539 46.9110500094486
198 2 176.7251181246715 15.113731040507743 67.54272589146925
199 3 153.20786768904046 25.177324448289973 55.53276128366369
